CookedMaterial:
  ID: 12456872314640691628
  Name: NewMaterial
  BaseColor: [0.46902657, 0.16395177, 0.16395177, 1]
  Metallic: 0
  Roughness: 0.5
  NormalStrength: 1
  OcclusionStrength: 1
  EmissiveColor: [0, 0, 0]
  EmissiveStrength: 0
  AlphaMode: Opaque
  AlphaCutoff: 0.5
  Tiling: [1, 1]
  Offset: [0, 0]
  Textures:
    BaseColor: 4589403135196506491
    Normal: 12719071700555448510
    MetallicRoughness: 0
    Occlusion: 0
    Emissive: 0